File= cpa1lt.52 created at  30-Jan-17 15:59  by Rev HEIDI/FRM2
Titl= ? ?
Wave= 0.79300   Scan= 0.100 0.000   Nstd=0   Dpsi= 0   Prof_output=1
Filt=  0.000  0.000 -0.000   UVW=   36.000     0.000     0.000
Omat= -0.022894861 -0.009626348 -0.167372047
       0.042060444  0.163193013 -0.015139450
       0.093019360 -0.025021200 -0.011285053
   0   0   4 00   222.8  12.5   0.0  61  40 0 10.15    1E+03
 1.00000 1.00000   3850.36  0.1000
  566  582  545  538  536  535  551  560  569  563  517  515  506  543  531  562
  505  511  534  518  536  536  581  544  557  535  579  535  574  694 1028 1574
 2223 2603 2577 1911 1266  882  659  552  540  484  552  537  529  550  537  565
  549  516  509  527  535  563  559  538  535  577  540  588  549152161542015293
15398152971540015303151761560715487153271531015404155151548415288155751542315508
15646155171523015531152701545615492153141512815280153071518515111153651531115281
15452155011563615525158211524415267153831546615581154021548315184152881544815437
15274154551558015554154981543715552152731543815453
  -2   0   2 00   726.8  28.0   0.0  61  10 0  9.59    1E+03
 1.00000 1.00000   3831.26  0.1000
  161  155  164  169  163  184  196  210  210  229  242  210  244  237  271  243
  301  345  430  485  503  498  521  427  411  333  305  246  232  208  196  207
  194  231  223  206  273  317  377  387  418  385  410  435  405  408  397  373
  340  365  325  324  268  237  233  221  206  188  172  169  177 3855 3964 3909
 3764 3799 3840 3809 3847 3824 3758 3790 3807 3852 3740 3809 3740 3868 3862 3852
 3843 3734 3777 3780 3893 3886 3783 3832 3829 3837 3818 3881 3857 3845 3922 3793
 3858 3753 3777 3891 3810 3824 3955 3869 3770 3877 3945 3936 3812 3785 3680 3860
 3917 3744 3807 3872 3821 3824 3822 3911 3753 3835
   0  -2   2 00   852.8  25.2   0.0  61  10 0 10.11    1E+03
 1.00000 1.00000   3867.23  0.1000
  136  121  147  137  129  169  198  283  430  590  742  861  862  799  678  492
  378  298  205  162  160  156  157  138  168  170  215  298  392  467  476  406
  369  314  327  338  380  360  290  252  179  183  152  125  136  143  140  130
  121  107  157  131  133  124  126  129  126  127  132  120  125 3899 3906 3910
 3867 3985 3870 3773 3803 3962 3882 3931 3882 3834 3905 3927 3908 3839 3942 3816
 3818 3917 3915 3964 3811 3870 3871 3961 3979 3811 3855 3842 3810 3799 3818 3845
 3858 3830 3865 3868 3818 3763 3805 3772 3845 3946 3999 3885 3880 3844 3759 3884
 3746 3914 3895 3870 3833 3852 3909 3908 3828 3798
   0  -1   0 01     3.4  24.6   0.0  61  10 0  9.71    1E+03
 1.00000 1.00000   3845.41  0.1000
  127  139  165  146  131  127  144  140  163  142  160  150  155  146  142  149
  152  158  156  129  140  145  141  146  155  135  147  154  136  148  157  147
  148  141  131  157  147  170  150  174  126  166  137  169  162  166  146  168
  133  161  151  162  147  155  133  162  134  156  142  146  165 3824 3746 3871
 3910 3891 3891 3858 3727 3860 3797 3849 3837 3923 3746 3933 3917 3924 3848 3827
 3808 3807 3787 3698 3778 3885 3811 3693 3884 3860 3848 3766 3779 3813 3829 3846
 3860 3880 3833 3826 3817 3806 3836 3801 3800 3873 3816 3885 3973 3804 3899 3920
 3830 3912 3946 3809 3825 3952 3842 3891 3972 3891
   0  -1   4 00   171.9  13.0   0.0  61  40 0 10.05    1E+03
 1.00000 1.00000   3846.59  0.1000
  589  602  625  626  581  605  612  584  614  573  603  623  612  566  623  558
  599  660  624  584  637  641  609  620  620  668  674  746  740  916 1188 1432
 1675 1573 1547 1446 1194 1024  840  691  655  626  588  604  598  596  580  602
  636  591  598  618  612  591  610  637  619  598  616  643  620152511542815379
15292155781542415598153731546415583153371553415400153221545915235152561529515733
15290152601565915534153331554315436153711527415376153431542815297152521534215260
15328153591543615627154881548015430152321527915458153481524615393154131543015307
15491152661556815354153331532515281153951527615085
